       2    61
       0.000  1.00000000
     311.111  0.99219119
     623.601  0.98434181
     937.398  0.97645359
    1257.180  0.96840839
    1583.145  0.96020153
    1915.106  0.95183659
    2253.108  0.94331221
    2597.185  0.93462705
    2953.657  0.92562094
    3322.525  0.91629284
    3703.725  0.9066434
    4103.636  0.89650986
    4522.150  0.88589325
    4959.156  0.8747947
    5420.877  0.86305395
    5932.849  0.85001773
    6500.946  0.83553022
    7181.910  0.81813309
    7943.058  0.79864598
    8821.383  0.77610288
    9815.028  0.75052515
   10928.249  0.72177094
   12183.345  0.68922093
   13564.495  0.6532309
   15067.737  0.61383996
   16688.210  0.57109611
   18396.081  0.52569303
   20167.070  0.47816985
   21947.341  0.42985641
   23734.523  0.38067633
   25500.317  0.33120838
   27218.004  0.2819159
   28858.716  0.23318371
   30381.034  0.18550048
   31710.062  0.13994493
   32747.347  0.09756877
   33332.152  0.06025816
   33237.352  0.0301554
   32193.918  0.01021565
   30148.429  0.0014653
   27567.163  0.00000000
   25059.883  0.00000000
   22815.463  0.00000000
   20783.353  0.00000000
   18953.443  0.00000000
   17315.623  0.00000000
   15809.233  0.00000000
   14403.943  0.00000000
   13049.203  0.00000000
   11755.123  0.00000000
   10501.483  0.00000000
    9278.173  0.00000000
    8095.303  0.00000000
    6932.653  0.00000000
    5790.223  0.00000000
    4662.958  0.00000000
    3541.759  0.00000000
    2424.604  0.00000000
    1311.493  0.00000000
     200.000  0.00000000
       0.000  0.00000000
